"geneID"	"baseMean"	"log2FoldChange"	"lfcSE"	"stat"	"pvalue"	"padj"
"Mpp4"	15.72479804	-4.101867491	1.094253668	-3.748552653	0.000177858	0.065195708
"Wnt10a"	28.07971245	-2.904498033	0.738036963	-3.935437085	8.3e-05	0.048227957
"Zfand2b"	980.0699639	0.371208501	0.102464271	3.622809176	0.000291421	0.079088058
"Blzf1"	950.9376244	-0.45226418	0.119740855	-3.777024801	0.000158713	0.064938839
"Rxrg"	621.5527674	0.491672272	0.122207536	4.023256564	5.74e-05	0.044968652
"Nt5dc1"	124.8598609	-1.004713097	0.285260223	-3.522093216	0.000428154	0.098083009
"Sh3rf3"	96.59665102	-1.602644213	0.440864957	-3.635227045	0.000277736	0.079088058
"Pias4"	1150.858697	0.43369318	0.120049534	3.61261862	0.00030312	0.079088058
"Myh2"	19.4593662	-20.87774284	3.601026022	-5.797720625	6.72e-09	0.00012102
"Cd68"	53.12584014	1.899976374	0.407402972	4.663629146	3.11e-06	0.006120891
"Ccl8"	10.81211234	4.772671244	1.238870607	3.852437225	0.000116948	0.058483728
"Kcnj2"	178.1084019	-1.312144789	0.319981079	-4.100694927	4.12e-05	0.037078195
"Grin2c"	60.59169017	-1.720657257	0.409081825	-4.206144471	2.6e-05	0.028478906
"Lsmem1"	13.88961934	-4.310066875	0.856496352	-5.032206928	4.85e-07	0.001745807
"Gm4787"	11.36020632	-3.721215614	1.056952305	-3.520703437	0.000430404	0.098083009
"3200001D21Rik"	22.85512104	2.853671572	0.750372767	3.80300525	0.000142951	0.062278655
"Asb2"	142.7463948	-1.271623106	0.317013216	-4.011262124	6.04e-05	0.044968652
"Serpina12"	9.517077395	-5.009621881	1.354727235	-3.697882313	0.000217406	0.071162794
"Gpr141"	12.06974812	-6.103463811	1.228818343	-4.966937422	6.8e-07	0.001852269
"Trim38"	8.900029832	-5.884363577	1.419583652	-4.145133377	3.4e-05	0.033967258
"Nfil3"	263.7395027	0.819326717	0.229780218	3.56569736	0.00036289	0.089371282
"Tifab"	137.3131156	-1.09836976	0.280439885	-3.916596105	8.98e-05	0.050525433
"Fam151b"	111.8963206	-1.092091694	0.275633847	-3.962110263	7.43e-05	0.046973471
"Crhbp"	28.02970241	-3.335691454	0.871300139	-3.82840689	0.000128975	0.060710326
"Cebpe"	12.22621198	-4.471119191	1.23535522	-3.619298415	0.000295403	0.079088058
"Otulin"	584.8738362	0.547692083	0.151543406	3.614093792	0.0003014	0.079088058
"Phf20l1"	717.149136	0.522963949	0.143392298	3.647085353	0.000265232	0.079088058
"Fam135b"	5.769588724	-5.726579019	1.553632566	-3.685928799	0.00022787	0.071970959
"Commd5"	636.8962907	0.727630638	0.190299876	3.823600178	0.000131517	0.060710326
"Mov10l1"	10.16966256	-5.889160795	1.587635929	-3.709389971	0.000207759	0.069264615
"Fpr2"	8.77789475	-6.901100518	1.871043562	-3.688369772	0.000225695	0.071970959
"Prss34"	8.096692098	-6.373644748	1.715175874	-3.716029851	0.000202378	0.068743499
"Ppard"	525.8474222	0.594551708	0.150533984	3.949617825	7.83e-05	0.046973471
"Wash"	1723.274347	0.290981724	0.079186535	3.674636398	0.000238188	0.073120159
"Slc8a1"	374.3853478	-0.758522034	0.21534599	-3.522341114	0.000427753	0.098083009
"Ppargc1b"	157.4563463	-1.228487898	0.278626027	-4.409092409	1.04e-05	0.014375358
"Dynap"	7.443640424	6.464548974	1.654562825	3.907103965	9.34e-05	0.050777663
"Stard6"	79.4411809	-2.004484462	0.452038714	-4.434320339	9.24e-06	0.014240653
"Gpr152"	7.485205765	-6.487541098	1.671166352	-3.882043873	0.000103582	0.053279716
"Gm9895"	5.807883366	5.707670521	1.502421726	3.798980287	0.000145293	0.062278655
"4931408D14Rik"	28.39726622	-2.92121753	0.729689295	-4.003371776	6.24e-05	0.044968652
"Exosc1"	382.8061689	0.601105995	0.160076181	3.755124547	0.000173255	0.065195708
"Sp9"	9.157216744	5.607270317	1.335604002	4.198303022	2.69e-05	0.028478906
"Creb3l1"	789.2890089	-0.578267456	0.16154139	-3.579686022	0.000344007	0.087227652
"4921507L20Rik"	12.11611636	6.868511451	1.211287421	5.670422506	1.42e-08	0.000128223
"Cst7"	13.16393355	-5.350744773	1.456740669	-3.673093561	0.000239632	0.073120159
"Zfhx4"	593.0375179	-0.567927564	0.152026744	-3.735708262	0.000187188	0.066077217
"Bbs7"	647.474337	-0.563235487	0.150434342	-3.744061903	0.000181069	0.065195708
"1500004A13Rik"	573.9820666	-0.64423888	0.161538957	-3.988133211	6.66e-05	0.045941237
"LOC101055769"	9.259414882	-6.598334483	1.77460369	-3.718201715	0.000200646	0.068743499
"Foxe3"	5.343486858	6.507836065	1.481571888	4.392521292	1.12e-05	0.014408013
"Myom3"	29.87411049	-2.961989418	0.586147438	-5.05331803	4.34e-07	0.001745807
"Htr1d"	1414.514366	-0.389946308	0.107435311	-3.629591649	0.00028387	0.079088058
"Rsg1"	44.3448832	-2.097835052	0.577153166	-3.634797788	0.000278199	0.079088058
"Myo18b"	16.54593441	-5.224937417	1.480016051	-3.530324831	0.00041505	0.098083009
"M1ap"	7.378384408	-4.768025601	1.336908153	-3.56645712	0.00036184	0.089371282
"Tgfa"	670.3225986	0.497037221	0.137340343	3.619018332	0.000295723	0.079088058
"Gpr27"	458.7474074	-0.729299112	0.201520465	-3.618982874	0.000295763	0.079088058
"Ogg1"	324.1572305	0.81728032	0.201974601	4.046450971	5.2e-05	0.044578865
"Rho"	97.79582421	-1.248606476	0.350487022	-3.562489902	0.000367354	0.089371282
"Zfp418"	80.62181398	-1.225651467	0.340018063	-3.604665753	0.000312555	0.080384661
"Vmn1r181"	16.07998153	-6.421285877	1.295702361	-4.955834049	7.2e-07	0.001852269
"Cox6a2"	15.75882497	-5.216846695	1.360806023	-3.833644623	0.000126259	0.060710326
"Olfr539"	11.00597039	7.406656377	1.672524509	4.428429204	9.49e-06	0.014240653
"Cdkn2aip"	387.1164362	-0.720194112	0.191491446	-3.760972758	0.000169254	0.065195708
"Tssk6"	25.82563903	-2.23154084	0.556004673	-4.01352893	5.98e-05	0.044968652
"Ncan"	548.5545026	-0.522549864	0.139502966	-3.745797508	0.000179822	0.065195708
"Nxnl1"	8.476224433	6.394181705	1.314092154	4.86585487	1.14e-06	0.002564598
"Ctu2"	582.1254216	-0.666206755	0.161674563	-4.120665264	3.78e-05	0.035795646
"Kbtbd3"	517.1349846	0.599965883	0.15074325	3.980051389	6.89e-05	0.045941237
"Zglp1"	5.92311317	6.12737622	1.635721016	3.745978782	0.000179692	0.065195708
"Klhl31"	13.08696445	-6.423805398	1.698601467	-3.781820234	0.000155686	0.064938839
"E030011O05Rik"	9.832991586	-6.65981979	1.531557454	-4.348396969	1.37e-05	0.016459089
"Ccdc22"	411.8497564	-0.748389048	0.189216732	-3.955194869	7.65e-05	0.046973471
"Dcaf12l1"	755.1464133	0.488177714	0.125149887	3.900744343	9.59e-05	0.050777663
"Smim9"	11.84181789	7.686104663	1.469216093	5.231432393	1.68e-07	0.001009378
"Pdzd11"	1548.191823	0.374530461	0.080630004	4.645050767	3.4e-06	0.006120891
"Hdx"	33.0925976	-2.126973351	0.602481368	-3.530355403	0.000415002	0.098083009
"3010001F23Rik"	99.45325671	-1.291811308	0.33864983	-3.814593107	0.000136408	0.061393606
