"geneID"	"baseMean"	"log2FoldChange"	"lfcSE"	"stat"	"pvalue"	"padj"
"Col19a1"	14.71710448	-7.553001929	1.88171609	-4.013890283	5.97e-05	0.008342235
"Il1r2"	37.62542673	-3.747709722	1.178694938	-3.179541712	0.001475081	0.086068785
"Tmem182"	211.7356596	2.421032233	0.419350818	5.773286061	7.77e-09	5.46e-06
"Hecw2"	1852.053033	-0.450106997	0.132568087	-3.395289215	0.000685561	0.050202827
"Creb1"	2341.370919	-0.483808551	0.120503265	-4.014899946	5.95e-05	0.008342235
"Acadl"	4836.117342	0.401817216	0.122406104	3.28265669	0.001028338	0.066629222
"Gm7609"	14.79750851	7.822572313	2.072226077	3.77496085	0.000160033	0.016914466
"Prelp"	14515.49249	1.459143757	0.335901036	4.343969203	1.4e-05	0.002957969
"Adora1"	1309.064799	1.184623568	0.337979381	3.505017269	0.000456578	0.037595344
"Phlda3"	9197.457545	0.420767949	0.088398331	4.759908285	1.94e-06	0.000555142
"Smg7"	3062.065299	-0.35132302	0.111765519	-3.143393617	0.001670011	0.094453368
"Pappa2"	123.0453356	-7.064046505	2.072027471	-3.409243653	0.000651433	0.048530301
"4930562F07Rik"	10.8209165	-5.918105294	1.585879882	-3.731748766	0.000190155	0.019141148
"Prdx6"	7691.835541	0.405197834	0.098641844	4.107768249	4e-05	0.006255515
"Mpc2"	2299.139512	0.428458741	0.118280214	3.622404179	0.000291878	0.02712056
"Adamts4"	199.8478972	-1.078724464	0.288729404	-3.736108794	0.00018689	0.018939724
"Vsig8"	20.51491857	8.303334636	2.001806855	4.147919972	3.36e-05	0.005508547
"Degs1"	7473.735472	0.329133718	0.076703835	4.290968216	1.78e-05	0.003418631
"Hhipl2"	20.11127435	-4.101980283	1.238723983	-3.311456257	0.000928117	0.062037134
"1-Mar"	620.7930701	2.65024402	0.758744632	3.492932812	0.000477747	0.039029828
"Lpgat1"	4780.910843	1.920137077	0.384622442	4.992264803	5.97e-07	0.000205953
"G0s2"	2054.392407	1.018305685	0.221443895	4.598481649	4.26e-06	0.001090455
"Rspo3"	43.75110977	2.232094495	0.641075569	3.481796223	0.000498063	0.040300172
"Nepn"	11.31332882	7.291091184	2.154570519	3.384011393	0.00071435	0.051300367
"Psap"	74079.09565	0.303769022	0.058058377	5.232130834	1.68e-07	7.46e-05
"Itgb2"	909.0550215	1.22121311	0.290496542	4.203881747	2.62e-05	0.004720257
"Pfkl"	2801.321934	0.648544639	0.139042901	4.664349178	3.1e-06	0.000831042
"Dnmt3l"	12.83518376	7.550057159	2.076953201	3.63515998	0.000277808	0.026245889
"Cstb"	1367.316229	0.522667236	0.129337499	4.041111351	5.32e-05	0.007823229
"Atp5d"	4606.076751	0.315006569	0.090459566	3.482291408	0.000497142	0.040300172
"Parpbp"	13.42898286	6.866338403	2.171341863	3.162255802	0.00156552	0.090049336
"Mettl25"	441.9989571	-0.820446707	0.23779008	-3.4502983	0.000559967	0.042655898
"Bbs10"	198.1810419	-0.950718975	0.280017663	-3.39521073	0.000685758	0.050202827
"Tph2"	434.7719207	11.39873061	2.001837301	5.694134383	1.24e-08	7.49e-06
"Vwc2"	374.54708	1.304211598	0.321521072	4.056379846	4.98e-05	0.007541518
"Cpeb4"	2078.676717	0.401947656	0.123278612	3.260481677	0.001112232	0.070749332
"Slc22a4"	796.3770166	1.188448644	0.355936224	3.338937048	0.000840996	0.058011134
"Anxa6"	10788.14286	0.480473916	0.131813787	3.645096058	0.000267292	0.025537707
"Gm2a"	7700.022492	0.259568018	0.069140849	3.754191935	0.000173902	0.018042022
"Zfp287"	493.6938318	-0.852853191	0.252069156	-3.383409551	0.000715918	0.051300367
"Zmynd15"	69.45973214	1.735297322	0.526437552	3.296302318	0.000979665	0.064715313
"Tekt1"	10.95218734	7.066304984	2.175120193	3.248696328	0.001159352	0.072080137
"Fam101b"	1232.382694	0.759358366	0.202810628	3.744174429	0.000180988	0.018560362
"Unc119"	490.4505178	1.316352547	0.35790176	3.677971704	0.000235096	0.022980977
"Adap2"	546.5425865	1.188693604	0.319270144	3.723159291	0.000196745	0.019457075
"Mmd"	7364.585533	1.741162858	0.458852891	3.7945993	0.000147882	0.016030987
"Tob1"	2284.003018	0.370582355	0.113670295	3.260151259	0.001113528	0.070749332
"Ngfr"	2430.354732	-0.361506877	0.108903832	-3.31950557	0.00090177	0.060999334
"Atp6v0a1"	4438.045813	0.31663659	0.098318829	3.22050816	0.001279635	0.077841424
"Mrc2"	4310.383926	1.137240481	0.34310213	3.31458298	0.000917799	0.061590892
"Cacng1"	30.07158257	21.58997915	4.486930408	4.811748164	1.5e-06	0.000451813
"Cd300lb"	209.2821475	1.525654714	0.44918853	3.396468548	0.000682614	0.050202827
"Slc25a19"	1662.058267	0.52356996	0.147829965	3.541703886	0.000397551	0.034476888
"Llgl2"	218.0072713	1.055659491	0.315181258	3.349372674	0.000809948	0.056834133
"Slc38a10"	7766.305879	0.409421566	0.116589211	3.511659126	0.000445319	0.037238538
"Slc25a10"	6337.622164	0.488486787	0.123755457	3.947193903	7.91e-05	0.00976055
"Pdia6"	6495.754774	0.270409574	0.078022405	3.465793855	0.000528668	0.041604267
"Mboat2"	2744.291668	-0.462230068	0.119472332	-3.868929828	0.000109314	0.012406783
"Prkar2b"	9772.526421	0.488503568	0.123089149	3.968697251	7.23e-05	0.009433092
"Ptgr2"	3164.068248	0.313316444	0.098577668	3.178371442	0.001481049	0.086068785
"Npc2"	12332.69236	0.607012825	0.103341026	5.873880365	4.26e-09	3.43e-06
"Ttc7b"	1760.602987	0.709078219	0.157287408	4.508169	6.54e-06	0.001579716
"Serpina3m"	40.41517203	3.988976118	1.195138776	3.337667723	0.000844847	0.058011134
"Serpina3n"	6806.060909	0.980769991	0.132260788	7.41542529	1.21e-13	5.13e-10
"Glrx5"	1951.170869	0.697121129	0.101528172	6.866282671	6.59e-12	1.35e-08
"Klf6"	10321.72926	-0.21952724	0.069547965	-3.156486893	0.001596821	0.09153842
"Zmynd11"	5824.185982	-0.261748303	0.06707037	-3.902592221	9.52e-05	0.011176287
"Actn2"	36.05686689	5.064299489	1.554324163	3.258200322	0.001121212	0.070749332
"Zkscan4"	197.2934723	-0.922466607	0.270415244	-3.411296614	0.000646547	0.048379465
"Hfe"	1630.127535	0.805015103	0.21170778	3.802482381	0.000143253	0.01593789
"Gmpr"	81.70304796	2.271365772	0.613622737	3.701567159	0.000214272	0.021067166
"Auh"	1785.573192	0.421187508	0.120194723	3.504209637	0.000457965	0.037595344
"Dok3"	113.7807008	1.987711226	0.584206326	3.402413049	0.000667936	0.04954152
"B4galt7"	406.556972	0.688072636	0.214627378	3.205894058	0.001346436	0.081319896
"Mir7-1"	16.60329413	-5.418635376	1.450417343	-3.735914634	0.000187034	0.018939724
"A230056J06Rik"	11.78053087	5.815874347	1.764163003	3.296676292	0.000978362	0.064715313
"2010111I01Rik"	1981.924593	-0.600788795	0.143878935	-4.175655011	2.97e-05	0.005024763
"Ctsl"	10954.96771	0.640481133	0.169243969	3.784366077	0.000154101	0.016389935
"Nln"	1179.11911	0.572286592	0.143074539	3.999919168	6.34e-05	0.008572405
"Synpr"	86.05849756	1.978704172	0.493368965	4.010597163	6.06e-05	0.008342235
"Appl1"	3182.287971	-0.374733917	0.106742027	-3.510650197	0.000447012	0.037238538
"Sncg"	22928.41062	0.642169397	0.116007082	5.53560511	3.1e-08	1.59e-05
"Fam213a"	6701.474447	0.343722202	0.098944794	3.47387858	0.000512993	0.041114818
"Lgals3"	2974.495203	0.916222043	0.191247805	4.790758469	1.66e-06	0.000484448
"Psmb5"	2108.314134	0.403945985	0.129512669	3.118968882	0.001814851	0.099645941
"Dhrs4"	1129.734798	0.547642362	0.136372424	4.0157852	5.92e-05	0.008342235
"Fitm1"	15.06598803	20.66334025	2.591969312	7.972062073	1.56e-15	1.32e-11
"Gmpr2"	891.4364895	0.473302298	0.134004723	3.531982216	0.000412457	0.035406406
"Ctsb"	40447.83808	0.536481192	0.129310556	4.14878111	3.34e-05	0.005508547
"Stmn4"	50.32976033	-3.50959055	0.766975306	-4.575884678	4.74e-06	0.001196925
"Lrch1"	1599.904512	-0.37268765	0.107840638	-3.455911008	0.000548436	0.042515414
"Mycbp2"	6760.644841	0.380755096	0.096707133	3.937197635	8.24e-05	0.010102326
"C6"	259.3938548	3.17333944	0.81698211	3.884221453	0.000102658	0.011890785
"Nipbl"	4554.574452	-0.31377703	0.092511943	-3.391746183	0.000694487	0.05040548
"Npr3"	6790.04492	2.30967125	0.466343589	4.952724356	7.32e-07	0.000242662
"1700047G03Rik"	208.3909283	8.092090056	1.614070797	5.013466614	5.35e-07	0.000192347
"Dap"	4199.919825	0.401662173	0.09616003	4.177017981	2.95e-05	0.005024763
"Sema5a"	17284.56777	-0.514543248	0.124149483	-4.144546038	3.4e-05	0.005536524
"Dscc1"	20.49582846	6.953557228	1.525659934	4.557737327	5.17e-06	0.001285924
"Gpihbp1"	546.5904221	1.676149725	0.372415481	4.500752008	6.77e-06	0.00161282
"Lgals1"	21341.13469	0.69288956	0.12014807	5.766963735	8.07e-09	5.46e-06
"Slc48a1"	10661.90874	0.329600957	0.077103175	4.274803944	1.91e-05	0.003594632
"Gpd1"	9672.024615	0.889597272	0.176299759	5.045935831	4.51e-07	0.000165914
"Cela1"	366.2844707	1.759203099	0.311590447	5.645882647	1.64e-08	9.26e-06
"Atg101"	921.2775388	0.633829548	0.198641238	3.190825598	0.001418669	0.084264937
"Mgrn1"	4489.702885	0.194808901	0.06208511	3.137771671	0.001702374	0.095543172
"Tekt5"	92.92400885	-2.624071372	0.657789672	-3.989225557	6.63e-05	0.00889698
"Pkp2"	603.0960009	1.39025613	0.306736118	4.532417437	5.83e-06	0.001429163
"Comt"	6393.720643	0.528023225	0.077040771	6.853815417	7.19e-12	1.35e-08
"Snora81"	16.75558828	6.392179349	1.759516301	3.632918515	0.000280234	0.026262161
"Fgf12"	103.9667917	1.688271576	0.416253265	4.055875876	4.99e-05	0.007541518
"Bdh1"	212.2120967	-1.06896529	0.307883112	-3.471984167	0.000516627	0.041210735
"Tfrc"	1544.958221	0.594601658	0.167271207	3.554716123	0.000378387	0.033502142
"Ifnar2"	2487.956741	0.362304313	0.108345707	3.343965575	0.0008259	0.057476512
"Slc5a3"	4690.55922	0.382672158	0.106418429	3.595920028	0.000323247	0.029871212
"Hmgn1"	5471.731394	-0.210263437	0.06372192	-3.299703392	0.000967871	0.064439608
"T2"	9.070566468	5.880941679	1.850135691	3.17865425	0.001479605	0.086068785
"Zfp820"	126.8746456	1.656008379	0.385803541	4.292361791	1.77e-05	0.003418631
"Igfals"	352.510179	2.015746743	0.489523512	4.117773087	3.83e-05	0.006103133
"Hnrnpm"	6569.82186	-0.271482094	0.074321667	-3.65279875	0.000259398	0.024924271
"Angptl4"	5967.52325	1.209874178	0.196979177	6.142142514	8.14e-10	8.61e-07
"Cdsn"	730.1192531	2.771442538	0.698791234	3.966052238	7.31e-05	0.009433092
"Abcc10"	571.8772473	-0.631369149	0.188092935	-3.356687204	0.000788823	0.05558244
"Slc5a7"	452.0745011	6.350376681	0.942371645	6.73871791	1.6e-11	2.46e-08
"Cdkl4"	60.78844143	4.145497024	1.177982021	3.519151354	0.00043293	0.036424245
"Mpp7"	697.3227332	0.975172196	0.195641875	4.984475822	6.21e-07	0.000210136
"Reep5"	16711.96977	0.292533809	0.065677598	4.454088127	8.43e-06	0.001925351
"Wdr55"	357.0821836	-0.780614278	0.197213033	-3.958228647	7.55e-05	0.009458593
"Eif1a"	2114.77436	0.555493056	0.152466828	3.643369939	0.000269092	0.025565219
"Hsd17b4"	5182.676869	0.539118617	0.128440695	4.197412804	2.7e-05	0.004805956
"Ppic"	1348.501055	0.713913005	0.202686331	3.522255307	0.000427892	0.036180395
"Iigp1"	1066.702196	-2.178899156	0.6641216	-3.280873796	0.00103486	0.066795893
"Ltbp3"	7713.652019	0.674301477	0.150530659	4.479495959	7.48e-06	0.001757323
"Prdx5"	5356.634363	0.527795242	0.102188042	5.164941335	2.41e-07	9.7e-05
"Fads3"	6181.028959	0.84270158	0.110729131	7.610477689	2.73e-14	1.54e-10
"Dock8"	879.0072752	1.954029935	0.390337936	5.005995452	5.56e-07	0.000195794
"Lipf"	64.34732904	10.02093133	1.932822688	5.184609736	2.16e-07	9.39e-05
"Stambpl1"	523.5101987	0.703154205	0.177595523	3.959301413	7.52e-05	0.009458593
"Lipa"	4594.567053	0.515623152	0.116111179	4.440770967	8.96e-06	0.002014245
"Pik3ap1"	350.4213904	1.383482374	0.415929438	3.326242981	0.000880252	0.060023929
"Ubtd1"	420.2618521	1.121791593	0.258785162	4.334837385	1.46e-05	0.003012197
"Pi4k2a"	2845.871509	0.335943892	0.094297473	3.56259699	0.000367204	0.032683104
"Crtac1"	341.967515	3.329319149	0.688650739	4.834553948	1.33e-06	0.000417904
"Cnnm2"	914.0693587	0.734378213	0.197222301	3.723606354	0.000196397	0.019457075
"Itih5"	15963.9583	0.577913524	0.108806849	5.311370819	1.09e-07	5.11e-05
"Olfm1"	3391.480497	0.47945384	0.109918683	4.361895764	1.29e-05	0.002760139
"Slc25a25"	568.988357	0.893152974	0.271418003	3.290691715	0.000999414	0.065508085
"Pex16"	1339.995384	0.729025598	0.18409051	3.960147641	7.49e-05	0.009458593
"Hsd17b12"	4717.879444	0.317085034	0.092597099	3.424351686	0.000616268	0.046525492
"Bdnf"	22.91277094	5.30340031	1.460133164	3.632134685	0.000281086	0.026262161
"Lin7c"	4404.970718	-0.26856634	0.08417604	-3.190531908	0.001420112	0.084264937
"A430105I19Rik"	1131.202267	0.526559131	0.155187037	3.393061305	0.000691162	0.050380324
"Chp1"	7179.431931	0.513863114	0.133659618	3.844565197	0.000120766	0.013525034
"B2m"	27168.54853	0.506320624	0.127136617	3.982492489	6.82e-05	0.009080845
"Map1lc3a"	5166.584714	0.417713399	0.127023025	3.288485677	0.001007279	0.065768713
"Trp53inp2"	7717.19268	1.719515471	0.284679956	6.040170495	1.54e-09	1.53e-06
"Pltp"	4798.760669	0.568536605	0.159405885	3.566597343	0.000361647	0.032358752
"Atp9a"	8139.89066	0.3244836	0.080880639	4.011882229	6.02e-05	0.008342235
"Ctsz"	6591.713123	0.418422524	0.086901744	4.814892111	1.47e-06	0.000451813
"Pde7a"	1011.070298	1.069598048	0.188681996	5.668787006	1.44e-08	8.39e-06
"Tsc22d2"	1367.746786	0.586087899	0.148187722	3.955036839	7.65e-05	0.00951528
"S100a8"	35.66712927	5.009464116	1.321508728	3.790715878	0.000150214	0.016180026
"S100a11"	5313.710536	0.542038652	0.122696473	4.417719911	9.97e-06	0.00219069
"2010016I18Rik"	29.94627919	-6.376793954	1.367002337	-4.664801064	3.09e-06	0.000831042
"Lrrc39"	168.3286713	1.36099849	0.394277897	3.451876202	0.000556703	0.042599122
"Bcar3"	4344.466286	0.480932683	0.116994564	4.110726725	3.94e-05	0.006233612
"Gar1"	477.1102671	0.967391044	0.223869391	4.321229619	1.55e-05	0.003123746
"Pla2g12a"	1101.919196	0.673315873	0.158642118	4.244244097	2.19e-05	0.004075951
"Pigk"	2736.73497	0.261534271	0.083513542	3.131639065	0.001738334	0.096383517
"Frmpd1"	267.3203495	-0.963801572	0.28883481	-3.336860862	0.000847304	0.058011134
"Murc"	18.43983663	22.0344142	3.783629848	5.823617816	5.76e-09	4.4e-06
"Hsdl2"	2950.51765	0.448838243	0.132963382	3.375653041	0.000736407	0.052325137
"Orm3"	18.43637694	-7.723789426	2.032531673	-3.800083181	0.000144648	0.015987806
"Brinp1"	15.00128984	6.824871716	1.695951719	4.024213447	5.72e-05	0.008333923
"Cdk5rap2"	1349.132964	-0.468480392	0.149269502	-3.138486999	0.001698225	0.095543172
"Frem1"	905.3996603	-0.609982347	0.194560991	-3.135172902	0.001717528	0.095543172
"Plin2"	3598.661395	1.445272684	0.223893362	6.455183263	1.08e-10	1.31e-07
"Cmpk1"	2277.471898	0.358569185	0.109602757	3.271534359	0.001069656	0.068779281
"Cyp4b1"	972.5622152	1.028476013	0.304288699	3.379934968	0.00072503	0.05173409
"AA415398"	164.4471335	-0.857637339	0.247467576	-3.465655387	0.000528941	0.041604267
"Akirin1"	1499.866349	0.516786007	0.144823016	3.568396941	0.000359172	0.032308293
"Sfpq"	4646.919076	-0.405229737	0.112858814	-3.590590063	0.00032993	0.030323096
"Pramef12"	31.77026148	5.551271418	1.281071191	4.333304393	1.47e-05	0.003012197
"Dhrs3"	6141.359417	0.464272349	0.14748031	3.148029388	0.001643752	0.093594224
"Pgd"	4367.71029	0.606450154	0.127918593	4.740906997	2.13e-06	0.000599674
"Fam213b"	1839.957712	0.630874314	0.178096661	3.542314113	0.000396633	0.034476888
"Insig1"	8386.477819	0.407403918	0.102437194	3.97710933	6.98e-05	0.009216244
"Hadhb"	5052.301	0.360835252	0.09533045	3.78509965	0.000153647	0.016389935
"Slc4a1ap"	930.1900026	-0.53747652	0.151573368	-3.545982568	0.000391152	0.034451942
"Letm1"	2062.959624	0.361841578	0.115920211	3.121471009	0.0017995	0.099124881
"Htra3"	6337.870832	1.038067771	0.32618474	3.182453512	0.00146033	0.085748727
"Ppp2r2c"	309.8650222	-1.437360688	0.294357824	-4.883038842	1.04e-06	0.000333317
"Sod3"	9473.795265	0.941345505	0.157580291	5.97375153	2.32e-09	2.18e-06
"Tmed5"	1995.139683	0.463347395	0.111248269	4.164985198	3.11e-05	0.00521349
"Chek2"	101.2424976	2.04412296	0.591876605	3.453630271	0.000553095	0.042515414
"Sez6l"	112.120888	3.664458991	0.93501286	3.919153572	8.89e-05	0.010733712
"Iscu"	3294.807635	0.507252545	0.141450325	3.586082564	0.000335683	0.030520056
"Sdsl"	86.47373297	2.874756219	0.68828124	4.176717382	2.96e-05	0.005024763
"Tmem132b"	105.3136811	7.537148163	1.067736946	7.058993501	1.68e-12	4.73e-09
"Gusb"	1933.847633	0.786617089	0.140344929	5.6048843	2.08e-08	1.14e-05
"Wbscr27"	569.0927331	0.711461769	0.225977919	3.148368525	0.001641846	0.093594224
"Cldn15"	326.5929895	1.645402327	0.307727536	5.346945378	8.95e-08	4.32e-05
"Plod3"	4246.50178	0.430222428	0.091256777	4.714416174	2.42e-06	0.000672018
"Serpine1"	1306.50024	2.454900237	0.48122311	5.101376445	3.37e-07	0.000126717
"Zfp68"	1340.060703	-0.624172194	0.152277231	-4.098920041	4.15e-05	0.00643987
"Fam20c"	1786.706331	1.05496758	0.178020926	5.926087466	3.1e-09	2.76e-06
"Pon1"	897.6483152	-2.368923922	0.623967652	-3.796549253	0.000146724	0.016008086
"Pon2"	3471.956716	0.34664998	0.100756794	3.440462577	0.000580721	0.044038423
"Ndufa4"	2558.685719	0.43717088	0.109188301	4.003825296	6.23e-05	0.008500014
"Lep"	11326.17121	4.229717905	0.855519923	4.944032036	7.65e-07	0.000248862
"Rbm28"	2075.344761	0.971482671	0.145752694	6.665281067	2.64e-11	3.72e-08
"Impdh1"	738.1519483	0.820348306	0.216023147	3.79750187	0.000146162	0.016008086
"Mest"	1221.050311	3.058120965	0.481010717	6.357698185	2.05e-10	2.31e-07
"Ephb6"	6507.105074	-0.393559994	0.125182174	-3.143898066	0.001667135	0.094453368
"Krba1"	972.9798937	-0.457594933	0.145933702	-3.13563575	0.00171482	0.095543172
"Rarres2"	4465.975021	0.506280853	0.117797306	4.297898403	1.72e-05	0.00339056
"Fam13a"	1275.879456	-1.225276917	0.313811687	-3.904497403	9.44e-05	0.011166157
"Pcyox1"	5491.17364	0.59443194	0.100786781	5.897915701	3.68e-09	3.11e-06
"Efcc1"	1649.494905	-0.489885709	0.15143007	-3.235062278	0.001216162	0.07478733
"Kbtbd12"	12.42938643	6.408486324	2.010451149	3.187586194	0.001434657	0.08483036
"Mgll"	9679.834738	0.937266022	0.251321159	3.729355801	0.00019197	0.019209488
"Nup210"	172.803554	2.435268552	0.474206805	5.135456777	2.81e-07	0.000110692
"Edem1"	2534.699978	0.564325205	0.177240843	3.183945624	0.001452823	0.085605191
"Oxtr"	1182.903023	4.148963992	0.495356988	8.375704979	5.49e-17	9.28e-13
"Lhfpl4"	351.868981	-0.933923901	0.232422181	-4.018221914	5.86e-05	0.008342235
"Creld1"	1747.015801	0.36730342	0.106333867	3.454246804	0.000551832	0.042515414
"Irak2"	1075.408818	1.022792837	0.178250418	5.737954775	9.58e-09	6e-06
"Ret"	788.4828061	1.199711114	0.327585126	3.66228812	0.000249972	0.024167358
"Tpi1"	9379.247425	0.46440556	0.099705612	4.657767531	3.2e-06	0.000844643
"Rtn2"	401.0081197	1.282650119	0.341098927	3.760346391	0.000169678	0.017712523
"Ech1"	7725.251031	0.292163257	0.090198369	3.239119083	0.001198995	0.074000748
"Dbp"	5065.184549	0.46758946	0.134813905	3.468406772	0.000523554	0.04156725
"Kcnj14"	154.2943249	4.961011463	1.117683347	4.438655613	9.05e-06	0.002014245
"Nomo1"	4902.033184	0.313164301	0.087428091	3.581964316	0.00034102	0.030839549
"Ldha"	9887.834276	0.558739116	0.164880459	3.388752797	0.000702113	0.050741149
"Atp10a"	948.2602858	0.786738237	0.241620132	3.256095557	0.001129557	0.071010942
"Idh2"	3563.349344	0.506995327	0.125459637	4.041103083	5.32e-05	0.007823229
"Gdpgp1"	153.0668994	1.148591223	0.359139138	3.198178932	0.001382984	0.082934926
"Alpk3"	45.33800381	4.114128322	1.231058936	3.341942617	0.000831943	0.057659758
"Fah"	1062.718728	0.579953003	0.172035372	3.371126514	0.000748615	0.052969972
"Tmem135"	1772.346827	1.037920226	0.1802237	5.759066241	8.46e-09	5.5e-06
"Sytl2"	717.4411774	-0.941636089	0.241766714	-3.894812789	9.83e-05	0.01146153
"Pcf11"	1892.721169	-0.50763339	0.109070542	-4.654175024	3.25e-06	0.00084628
"Dgat2"	13076.30537	1.950887171	0.491833305	3.966561739	7.29e-05	0.009433092
"Serpinh1"	21941.41769	0.342370216	0.088202924	3.881619778	0.000103763	0.011936983
"Prkcdbp"	9396.972522	0.313765667	0.081408114	3.854230863	0.000116094	0.013088439
"Smpd1"	3628.805246	0.415353032	0.09588281	4.331882149	1.48e-05	0.003012197
"Sox6"	954.8639735	-0.60580117	0.171864661	-3.524873388	0.000423685	0.036004729
"Acsm3"	234.0531946	-4.763742371	0.933485144	-5.103179631	3.34e-07	0.000126717
"Cdr2"	756.5707235	0.81317026	0.215972254	3.765160779	0.000166442	0.017482607
"Otoa"	30.82889794	3.91044543	1.115552687	3.505388385	0.000455942	0.037595344
"Itgax"	156.3857198	2.258492994	0.535677881	4.216140101	2.49e-05	0.004519045
"Itgad"	537.8447382	9.842250813	2.35615241	4.177255585	2.95e-05	0.005024763
"Htra1"	5360.057888	0.782573658	0.140729295	5.560844023	2.68e-08	1.42e-05
"Dhx32"	1043.175931	0.942546419	0.196616144	4.793840435	1.64e-06	0.000484448
"Adam8"	196.7483957	1.979766504	0.561166856	3.527946248	0.000418797	0.035769087
"Ctsd"	29014.65095	0.778902246	0.112188614	6.9427923	3.84e-12	9.29e-09
"Col4a1"	49908.58152	0.420508868	0.076593576	5.490132352	4.02e-08	2e-05
"Col4a2"	35007.79664	0.429690938	0.083029371	5.175167944	2.28e-07	9.63e-05
"F7"	22.80010923	8.467992521	1.639630971	5.164572194	2.41e-07	9.7e-05
"1810011O10Rik"	2251.932397	-0.436330639	0.137813498	-3.166095096	0.001545003	0.089477882
"Sorbs2"	4459.66414	-0.773791101	0.218628532	-3.539296058	0.000401196	0.034615405
"Atp6v1b2"	4279.986343	0.303769072	0.072556737	4.186641846	2.83e-05	0.004987195
"Myo9b"	6510.107621	-0.281640435	0.084817591	-3.320542741	0.000898426	0.060999334
"Asf1b"	39.75703855	2.87360954	0.829922529	3.462503352	0.000535175	0.041868444
"Calr"	16098.96934	0.299697185	0.089597535	3.344926676	0.000823043	0.057476512
"Neto2"	103.9426389	-1.673097976	0.533509283	-3.136024115	0.001712551	0.095543172
"Sall1"	17.44319651	4.209747187	1.345319673	3.129179832	0.00175295	0.096876261
"Lpcat2"	1599.581714	-0.490561203	0.151830359	-3.230982301	0.001233656	0.075315354
"Slc6a2"	336.5391444	-1.211002886	0.378337661	-3.200852072	0.001370219	0.082461802
"Tppp3"	16469.96987	0.346907464	0.104615277	3.316030639	0.000913058	0.06151684
"Cyb5b"	9872.103355	0.424127699	0.080462447	5.271126033	1.36e-07	6.2e-05
"Mmp12"	410.4021572	5.510982981	1.330972696	4.140568019	3.46e-05	0.005579774
"Birc2"	1509.842597	-0.466459947	0.115285294	-4.04613574	5.21e-05	0.007792536
"Hephl1"	17.03908089	8.198274512	2.114712294	3.876780088	0.000105848	0.012094558
"4931406C07Rik"	2549.111434	0.530435234	0.120635906	4.396993018	1.1e-05	0.0023797
"Cdkn2d"	875.8622867	0.679972016	0.152319718	4.464110256	8.04e-06	0.001862577
"Tmem205"	1953.111539	0.52489411	0.159707792	3.286590493	0.001014082	0.065958224
"Prkcsh"	2713.12277	0.326838459	0.102287669	3.195286993	0.001396919	0.083474522
"Aplp2"	33885.21847	0.236498247	0.072757124	3.250516702	0.001151955	0.071884544
"Sh2d7"	113.6441165	1.85776612	0.507286046	3.662166805	0.000250091	0.024167358
"Cib2"	683.8939696	1.312313058	0.334310565	3.925431004	8.66e-05	0.010532826
"Idh3a"	2958.627384	0.420595065	0.132973288	3.163004161	0.001561501	0.090049336
"Csk"	2331.801595	0.318467407	0.097588549	3.263368592	0.001100962	0.070524141
"B930092H01Rik"	15.44224794	7.672742329	1.965055746	3.904592705	9.44e-05	0.011166157
"Tln2"	3747.714259	0.516108628	0.159737103	3.230987776	0.001233632	0.075315354
"Anxa2"	19110.61291	0.346587084	0.08749156	3.961377334	7.45e-05	0.009458593
"Paqr9"	299.257434	3.550999352	0.824299667	4.307898563	1.65e-05	0.003279002
"Gm5627"	126.8749897	5.999047365	1.533680796	3.911535818	9.17e-05	0.010999472
"Azi2"	2633.407627	-0.304510046	0.087636876	-3.474679365	0.000511464	0.041114818
"Higd1a"	1007.958271	0.466724032	0.143514309	3.252108005	0.001145525	0.071748039
"Ano10"	2483.660992	0.464719435	0.136179126	3.412559975	0.000643558	0.048369792
"Ccr2"	822.4607477	0.846448284	0.238883289	3.543354955	0.000395071	0.034476888
"Syp"	1213.021861	0.546492796	0.16597568	3.29260766	0.000992629	0.065316524
"Prr32"	80.59656461	9.21343443	1.271757596	7.244646669	4.34e-13	1.47e-09
"Hprt"	1962.220615	0.486487125	0.113444831	4.288314588	1.8e-05	0.003420848
"4930502E18Rik"	15.02361728	7.660684223	1.888049893	4.057458571	4.96e-05	0.007541518
"Fgf13"	324.118157	2.809674003	0.482987526	5.817280674	5.98e-09	4.4e-06
"Fmr1"	4269.509346	1.098909075	0.162560273	6.760010007	1.38e-11	2.33e-08
"Gpr50"	13.24161608	7.805071811	2.084671854	3.744028969	0.000181093	0.018560362
"Bcap31"	5840.015888	0.534120703	0.081327432	6.567534324	5.12e-11	6.65e-08
"G6pdx"	2868.899695	0.707974713	0.167888073	4.21694465	2.48e-05	0.004519045
"Nlgn3"	524.7167427	-0.829588205	0.25815261	-3.213557299	0.001311016	0.079464508
"Srpx2"	508.2978739	1.652820071	0.412157561	4.010165591	6.07e-05	0.008342235
"Il13ra2"	12.33844616	7.753280564	2.239886433	3.46146146	0.000537251	0.041868444
"Phf8"	1679.680852	0.483171843	0.149098855	3.240614042	0.001192726	0.073883448
"Tspyl2"	1861.301721	-0.537449455	0.149865161	-3.586220103	0.000335506	0.030520056
"S100g"	8.98131139	7.097678908	2.177732118	3.259206607	0.001117243	0.070749332
